200
2.57742 -0.452059 1.0794   -4.44451 5.36459 -3.29554   5.66198 -2.11234 6.80375   -6.04897 8.23295 5.9688    18.5655 -13.4324 13.1384   -3.02695 4.21864 -2.32445
2.2528 6.78224 0.258648   -5.63486 9.97849 -7.82382   -7.40419 -1.98111 -6.86642   6.08354 -7.25537 -5.14226    8.59232 1.19981 4.50371   -4.35286 -2.45813 -15.412
3.26454 -6.15572 -8.27888   0.519907 8.98654 -8.60489   8.38053 6.15449 -2.95083   -4.33371 7.83059 -1.99543    92.5132 18.9285 62.4602   87.637 10.7883 61.6721
8.6162 8.6367 -1.24725   -9.21439 0.632129 3.35448   0.795207 -4.66669 7.0184   0.250707 5.20497 -2.49586    -76.9578 -38.8839 26.8324   -86.5776 -33.4736 22.6291
8.4794 -1.2088 7.17353   3.14608 1.7728 9.12937   3.7334 -2.9928 7.86745   -5.42064 -3.39326 6.58402    7.81277 4.74619 10.7219   -10.2129 -8.84962 3.59968
1.12888 -4.47531 -6.24934   -5.47787 -1.05933 -3.85084   -1.36093 2.82161 7.62124   5.72004 -4.37881 2.39193    4.76377 -3.76038 2.52513   -66.896 30.6624 -18.1063
5.86941 -7.4905 4.64297   -6.9522 -5.11175 1.68977   -5.35477 -4.11679 -2.62673   4.99542 -2.33623 3.6889    55.9571 -36.741 36.9844   -54.6319 27.3411 -33.8755
-0.771591 -5.9069 -8.60187   -8.43536 0.404201 -7.30195   9.3481 3.13127 4.65309   -8.13039 5.1947 2.78917    -95.7426 -25.1622 -75.1401   -97.1353 -22.8071 -76.7519
6.3939 8.26053 -2.1662   -6.73737 -6.39255 1.87784   7.4108 -8.91885 9.95598   8.46138 -9.91677 -8.55342    12.4241 12.334 -4.76882   -7.56766 -23.4436 -2.39302
9.58868 6.62075 7.46543   8.50753 6.66477 4.95606   -9.29158 2.5782 4.95619   7.55228 1.53942 9.84457    314.44 75.4621 25.2039   315.681 74.1983 25.1936
3.02264 -5.52687 2.66144   -8.51678 -5.37144 -3.42446   -3.66266 4.0124 -5.41726   2.58959 -5.03912 2.99414    80.9616 -41.5039 60.2059   80.1906 -51.9591 66.1339
-0.361284 -0.340994 3.50952   -5.32217 6.66487 1.96963   -3.10114 -9.93537 -1.30973   6.95369 -3.27298 -0.981649    -1.49993 15.6303 11.9961   -3.28679 -28.33 -17.7379
-4.85469 3.06261 3.69513   8.41829 -5.95574 4.80877   -3.43251 4.61459 2.54316   2.18212 -6.30755 -3.05768    -43.5064 73.2336 -20.1862   -52.9531 63.3608 -15.663
-6.23598 -3.37042 6.54782   -9.92843 9.68726 -6.20498   -3.40716 -4.23241 5.51534   -4.22444 3.33113 1.86423    -30.8815 60.5961 -51.1709   23.0264 -70.316 64.4392
1.52399 -0.0371215 7.47958   8.19286 8.09865 -4.05423   7.23834 8.32546 8.86103   0.960841 5.87314 -5.92904    -31.3064 -11.4853 25.7952   16.294 11.7297 -8.45418
-7.23523 -7.57482 -0.0294904   -5.56069 -6.43585 4.48504   -7.21884 4.55101 3.68357   6.76267 -0.151566 2.06218    62.4961 22.7257 -9.31346   -43.7303 -20.3829 11.7639
-8.17703 -3.37228 -4.23461   -2.72803 2.94415 -7.84303   -8.5491 -6.9754 -4.82188   2.17766 3.17662 -2.11346    -11.9774 -16.9091 -14.3063   -1.00017 12.2739 4.82309
9.69689 2.77308 4.5872   -3.47973 -5.11346 -2.11223   -5.84313 0.354294 2.51331   6.59878 -1.47601 1.15121    68.3172 0.786413 2.94533   -15.2416 -0.857489 1.48913
-2.34208 -8.00881 -8.12161   7.30362 -0.52212 -5.78234   -9.01675 4.42012 7.3107   4.15818 9.72934 -1.0179    29.1452 1.52344 -15.885   -78.1567 -10.3503 30.2964
2.19458 -6.60359 -0.468307   7.77447 -3.91429 -2.76166   1.90091 0.597984 1.5727   1.79273 -7.61777 -1.1488    14.5117 -24.5565 -12.1239   12.5386 -26.671 -10.5018
5.56515 -4.85062 -9.27345   3.18292 6.29817 -3.11498   7.56555 -2.85614 -4.18343   6.53539 -5.49018 -0.365333    13.4741 -52.1189 -40.5332   4.82843 -49.6279 -47.223
-2.39571 -9.70841 1.10795   -6.90552 0.65692 -2.28504   -5.38008 -1.31983 -3.68684   -1.97625 -5.99295 4.38924    -5.17721 -2.67856 -4.3556   3.07532 -17.834 15.4263
4.37734 -2.75691 -1.98582   0.370298 2.85385 2.36894   6.87819 0.659197 -9.8799   2.91778 -3.76099 3.95696    45.5461 -28.141 -63.5179   38.7903 -24.1245 -72.9567
3.0661 7.58019 3.34681   -3.17291 -6.37678 7.1511   3.10736 -4.76859 -3.89522   -9.88582 -9.97749 1.35662    2.52723 5.3123 3.93685   0.815162 -15.5448 -8.4405
1.05137 -0.111862 8.6684   1.02886 8.53152 -5.33762   7.37848 4.12133 -2.10957   8.64969 4.77919 0.947942    -76.3206 -0.230768 40.0771   -62.8112 15.1212 44.9496
7.46043 7.30171 5.90981   -6.66091 -0.588716 2.08758   5.18647 2.75542 1.78313   -4.74431 5.8982 5.50843    -22.3665 -13.0164 -5.98405   -25.5591 -12.6663 -4.66216
-0.957552 2.75313 -2.30683   6.28703 -9.03001 0.206981   -0.2038 -7.74704 0.300982   6.65218 0.363013 4.01821    4.26812 0.59729 3.75527   -3.5942 -22.3567 -5.40111
4.75877 8.47025 2.60486   -5.60424 -5.54795 1.9456   9.9033 -0.452772 -1.06515   2.81533 -8.51479 -8.82554    50.1033 -27.1145 -75.0789   -42.1619 10.7864 55.5171
-4.84829 8.09563 5.32895   5.60448 -0.83922 -6.32469   8.99641 -0.448975 -5.61728   9.34554 7.68636 -0.676628    -109.915 79.1918 97.251   -106.77 80.5932 98.8155
3.53108 1.85384 2.9304   -6.01995 -2.52888 -7.80445   7.30867 2.13084 -5.78617   8.33045 3.0776 -2.7979    27.5057 8.43637 -80.047   21.526 -9.98568 -89.9025
-4.14222 -6.89327 9.31363   2.78018 5.90463 -0.245586   -1.04037 -6.53871 8.66545   7.74394 5.41372 2.02853    29.9517 97.8013 -63.8336   45.5248 89.886 -64.6771
8.93849 -5.44896 -7.46662   -6.47522 2.5225 -5.94046   8.49079 4.37333 2.46389   -6.65669 -4.35432 -6.31868    -25.852 -4.15575 -16.9943   12.01 4.83209 4.44111
5.06765 6.27807 -1.36313   -9.30567 -6.18582 1.32329   8.24781 -5.11863 -4.13645   -1.2683 -0.0713807 -2.12508    -37.6559 22.3309 16.0352   50.0858 -36.1656 -24.1432
6.18741 -4.04134 5.04957   -3.74121 8.08374 3.63843   3.97426 6.0666 5.33402   -8.99664 -3.17035 2.93424    3.96981 25.8895 4.04967   -6.34098 -2.67108 3.54068
8.52135 6.31098 -0.472907   1.6917 -6.62326 1.74022   -8.87956 8.91003 7.79106   -4.86062 -0.619 8.50439    67.4946 -69.2586 -28.9261   68.9567 -64.1427 -37.9577
-5.70952 -3.34216 4.06372   -4.61955 -1.13322 2.90268   0.452573 -5.88572 -3.04908   3.59808 -3.85663 -1.98029    10.2737 -5.52455 -20.2909   12.9872 3.96576 -10.9968
4.73494 9.17914 6.42662   0.620655 2.22822 7.79625   0.287644 -8.53529 -4.87544   -4.99579 6.96 0.536604    5.32274 -27.8488 -15.4265   -16.0254 54.2806 29.1718
-8.14283 2.22482 4.2271   -5.10283 -8.31178 -9.13211   8.46762 -0.327033 -6.18033   -8.43484 -0.650583 0.148191    -18.8288 69.4119 87.8518   -30.2456 75.8381 93.8097
-4.45573 4.93461 -8.09915   6.19486 -5.21358 -4.50207   -8.07192 8.45144 4.87454   -7.97039 8.9287 5.75285    -40.419 39.4471 28.7175   54.5117 -51.5185 -41.4403
1.64899 7.61366 -7.71082   3.19755 -7.26088 -2.44006   -8.3747 -7.40048 2.00984   -3.52034 3.08057 -1.31204    -34.9317 0.57471 26.4828   19.6412 6.34209 -22.4329
5.60501 -8.31631 -0.761019   -7.47556 2.99573 -9.8913   -0.947003 -5.76869 -2.014   -1.32483 -3.83506 -6.79676    -30.7562 64.1817 -54.8184   -29.8082 48.3265 -70.1312
5.78487 -5.56548 8.43102   1.55357 6.44852 -1.8677   0.788268 4.00679 2.76819   1.92383 -2.24008 -7.80951    3.71971 -11.1455 -15.6889   -8.07156 56.2942 58.492
-7.12117 -7.21998 1.99413   5.11891 -9.41048 3.43682   0.322771 2.70408 4.28863   1.57625 0.0480253 2.49316    6.04996 -14.6273 2.91075   -1.96686 -1.40718 3.44959
-7.15763 8.72698 5.56925   0.138293 -5.56165 8.94002   3.15286 -4.24527 -6.00552   -4.59359 -0.404457 -7.95533    -7.41765 10.3242 9.34299   -0.680523 -10.672 -15.4671
-2.80428 -6.42027 -6.54556   7.60017 -8.46493 -4.31421   1.80814 -9.43095 5.46602   5.48865 5.27528 2.35164    22.6951 -20.2472 67.5623   -21.283 6.257 -65.0274
-0.786967 3.49699 7.62463   -1.35602 8.03097 -8.6353   -2.66407 -2.02449 4.99438   1.99289 -4.55621 -2.11522    -3.2006 5.86188 16.7587   5.08359 -14.3909 -24.2541
3.75054 3.00981 6.17234   -4.22497 8.01544 -9.94344   -6.30845 -4.13657 -7.33224   7.17732 -6.15028 -0.282685    -3.57378 -4.88805 -5.86987   -2.5663 67.9381 -19.3755
-3.05607 -3.52297 3.47296   -6.90579 6.75972 -6.13015   6.57093 -0.683305 3.35817   -1.89465 4.23812 7.84648    -15.8022 22.0387 -22.793   -24.9238 22.7981 -23.5301
6.1871 -8.1136 -8.99067   -3.1296 -1.47177 0.287034   -5.2728 -1.11805 3.86741   -3.01352 -5.6169 3.06173    107.355 -68.9436 -121.866   106.343 -71.2782 -127.171
-3.73626 6.05207 -6.81351   7.38179 -7.81533 9.35388   2.00811 -7.9322 -1.46891   -7.19324 -2.27403 5.72373    -35.0351 -56.6578 88.0536   -1.77216 8.55634 -10.7919
-0.80127 -1.82044 -0.770222   -8.52724 2.45583 5.56781   -5.60293 -6.32398 -1.61712   -9.20566 7.99042 7.95766    23.2367 34.8884 12.939   18.8418 36.6576 16.0477
6.41851 -8.2069 8.57355   8.42809 -6.16456 7.51209   8.61709 -2.83529 -2.30982   8.01793 -7.93513 8.33702    11.2991 28.5564 -96.6155   9.92843 29.2905 -97.8405
9.92083 -9.82863 -1.34254   2.75612 2.48119 9.15419   3.5051 1.05475 -4.29702   7.44057 -2.98989 4.43645    0.375933 2.35586 -7.93277   11.1278 -4.63504 13.26
-4.48232 7.40105 3.51389   8.50757 -7.03539 2.78397   7.79022 3.96193 -9.86092   -6.46599 7.72689 -9.76639    93.8585 -91.6034 -15.469   100.464 -92.4698 -22.5563
2.30982 -2.65763 2.5576   8.34789 -2.79671 -5.05664   -2.26661 8.19024 7.13652   -6.24614 -6.51729 9.12222    -13.7022 33.163 20.7411   -11.7276 35.6434 12.7744
-5.12945 -6.35994 2.75812   -3.31968 -3.49646 -6.46687   3.5064 -5.1717 7.90707   5.76463 -0.712142 4.47951    -22.0039 -10.0693 -29.7712   8.6174 -0.625949 9.74231
-0.463 4.78933 -1.65653   -5.2913 6.88226 7.94111   0.474907 0.611044 4.90309   0.83486 -5.50713 -5.06021    17.4845 -70.5001 -49.9049   -12.0137 45.7065 30.2134
0.310637 -2.20667 5.97412   9.69959 2.89024 3.07519   1.73073 -3.9484 -0.834629   9.43636 0.296976 7.51864    0.271868 -2.44271 6.36882   12.7377 4.68445 1.87912
-9.8424 1.94227 -5.3487   4.106 -7.2231 5.68284   -1.45409 8.48208 0.354445   5.74394 -9.13242 1.52959    5.18442 5.36414 6.4071   8.66846 1.16208 1.69442
4.4308 5.76531 8.79299   3.56322 -5.76428 2.31789   4.54551 -7.75687 -9.36787   -6.12872 -5.04075 -4.17137    -2.7397 -58.2758 -40.2452   4.8726 -52.2509 -48.9255
-6.90147 -9.99906 -7.71602   8.13929 4.17231 1.14583   9.62907 8.65432 -2.19899   7.09296 -7.16407 7.34643    30.8079 26.5933 14.7619   -12.5952 -22.7561 -7.20093
-7.44515 -6.10105 -5.07049   9.71893 -3.44748 7.29746   1.46244 -3.71914 -1.3052   3.26503 -0.636308 -8.39232    37.9847 -0.69749 30.8795   -28.2235 -6.34139 -26.926
-3.00875 4.94461 -6.84891   -9.28961 -3.75019 7.80841   -1.03355 1.98581 -1.76898   6.01549 1.28503 -7.11064    -66.2958 -14.6463 25.5746   -67.26 -17.493 27.1197
7.76696 -4.86653 -7.87456   -3.51807 -7.75589 -3.25699   -8.64784 -7.54672 1.36152   8.50637 -9.19826 0.152343    45.9307 -0.181087 -28.9042   44.1169 4.80803 -27.9294
-9.06975 4.56591 -9.12217   -9.87149 -5.58643 4.07141   -8.65075 6.81608 1.16395   -2.50051 -1.06248 4.80901    1.85638 99.1786 23.1229   -0.364165 95.6883 25.2546
8.56 -7.32904 -8.3122   -0.377517 -2.13805 0.740604   5.29849 -9.95582 4.73802   -5.8744 2.93681 -5.01476    23.5172 -13.5476 -37.7646   -26.1749 10.1108 42.5205
-9.31386 -8.89179 1.36759   -2.25067 6.12297 -9.39352   2.95345 -1.09531 4.97884   -9.717 -1.83166 1.59531    -14.9037 -112.761 119.095   -25.9219 -114.379 115.172
-0.0430643 0.258828 -1.50453   -8.21141 8.66352 4.13991   -4.90187 7.46193 8.97416   3.00445 -2.00153 4.35025    2.40557 0.966494 8.29585   -37.4801 29.0754 -10.568
-5.73756 -7.11507 0.753196   -3.19949 -6.08924 9.48997   1.93904 2.70492 0.167388   8.52588 -6.5034 0.897709    -65.2244 -88.2333 25.4745   -65.1821 -88.1726 25.5647
-7.81826 0.0295953 0.540346   -0.523182 9.86221 4.44753   -3.57907 -1.35097 -9.3987   2.26508 0.380956 9.46293    17.6079 3.66873 38.2224   -23.8071 -4.74252 -40.4463
-0.396133 -2.87676 6.43684   -9.04516 -3.47806 5.25358   -0.290799 -2.9782 2.06822   -8.91572 5.87757 -5.67086    2.30742 34.023 -41.5759   -19.6704 -38.9947 49.6183
-0.586519 4.9327 4.52288   -7.60832 -7.13552 -7.95114   1.22121 5.0587 2.45976   0.80393 4.05344 -3.21858    -11.5894 -10.2275 3.44211   21.8804 29.6044 -7.60794
2.18359 -9.68602 -4.41645   8.13015 3.53257 5.70692   -3.4439 -1.06711 5.85989   -4.4776 3.81003 5.87507    -19.7527 -37.7152 -24.7913   -19.7524 -37.6314 -21.007
-6.42097 -8.95979 5.45412   -0.231001 -4.83486 6.51789   -5.69868 3.57757 9.41385   8.81674 8.89394 -5.2951    -6.9647 -1.67512 10.6208   10.7864 -6.19676 -7.41796
6.87787 1.60097 -9.76509   -6.6997 2.18712 5.19543   9.13222 4.57805 7.84636   3.95482 -7.81326 -4.91135    -5.01968 2.10359 3.27239   9.47732 3.68997 1.75866
-5.7471 -9.70386 -8.38409   -0.325153 -7.55022 5.25743   1.48427 6.78701 -0.78707   8.87725 -0.745602 6.701    -3.2952 23.8604 -5.48857   13.3385 -13.3694 11.1273
6.88964 8.52729 3.56703   -2.36476 -8.17372 1.58988   -3.4664 -4.64865 4.88112   9.35736 -1.29568 0.652932    -25.5906 -52.0971 1.13698   -19.8596 -42.3533 -9.99993
-1.44596 2.94899 3.15043   -6.79731 8.06787 -7.07729   -8.19264 -4.63833 7.8563   -7.61242 -9.93538 -5.70405    -39.3626 33.9375 -73.3467   -44.1571 47.0435 -65.8567
8.32501 6.59137 -0.208053   2.96333 8.73507 3.36937   -1.65021 -4.86833 7.24293   -4.64785 -8.79689 -6.43372    -54.9379 3.84918 43.5844   -50.4638 7.86769 39.7323
8.16217 -4.07119 9.69855   6.95906 -7.63747 -7.91338   3.00842 6.6445 -4.25638   -1.79977 5.68589 -6.99802    21.7155 7.60054 5.32275   -23.1998 -4.71356 -21.6054
6.92259 4.85245 -1.05755   -9.7219 -0.891168 9.53596   -6.68236 1.91925 -6.92154   9.50761 7.93237 -5.31117    -10.487 -0.169665 1.64929   10.1529 5.86161 -0.243422
-5.1219 -0.856588 -0.784635   -3.05427 -5.54541 0.595081   -5.92844 -5.30971 -4.72767   -9.38733 8.09077 -1.43383    -14.6525 45.261 12.5912   -4.51265 -5.93484 -2.6115
-7.116 -4.81526 7.72062   8.19371 9.91241 6.8208   8.55412 2.80225 -8.15021   8.61307 -7.34885 -0.7587    -0.0739836 16.2878 23.713   23.1817 -24.6202 -41.4509
-8.09611 5.88494 7.69087   9.25274 -3.35636 6.93223   8.55246 4.32494 1.02604   -3.20536 -7.71567 4.22869    -118.103 -21.5418 78.6127   -113.902 -15.185 84.8827
3.74588 -9.94755 6.91266   1.46155 -4.17624 -7.66011   7.90019 6.47318 6.91053   3.5542 4.06832 5.93576    -12.9548 -46.7596 -53.9203   16.049 37.6307 45.2873
-0.765884 -4.14889 2.54437   5.16579 -0.0846565 2.74108   -7.11035 6.86358 8.12253   -1.66588 -7.99447 -6.58361    3.44495 13.6592 2.23368   -4.98931 -16.3005 -4.74166
8.37985 2.91013 -7.40915   6.37432 -0.506257 1.99145   -7.338 -4.27851 -0.793812   0.672727 -2.01875 7.277    80.9804 23.8157 8.12536   80.2314 20.2594 3.55162
-3.39128 1.08194 -2.96361   -9.11276 -8.12425 5.45288   3.77152 -7.58332 8.21452   8.87305 -3.58456 -6.07818    1.21285 -42.676 107.602   6.5602 31.9619 -103.414
0.535024 4.87575 -3.46264   -1.88165 6.66123 5.52748   1.80024 -2.31917 0.368711   -1.9735 3.86621 5.12528    -1.80547 4.72726 7.80498   -1.70804 7.42928 3.65918
5.42495 -6.77294 -7.65459   -8.44126 -1.89823 -4.64843   8.6175 1.35634 -8.73214   8.2671 0.985221 -3.32211    114.682 -7.55613 -32.8213   114.957 1.71382 -33.6534
9.96284 -8.10154 -3.48964   -1.02238 5.22057 6.6022   -2.30922 5.15141 7.77599   3.44034 5.96949 -9.17448    -39.2715 66.2164 11.1228   21.3154 -25.2883 -6.74246
6.99712 4.52338 7.89422   -8.97237 3.69786 -6.74855   -4.63298 -6.59264 -6.51556   6.24377 -8.76479 -9.62134    13.2437 41.6802 26.3692   11.8602 39.8575 25.6082
3.05027 -1.08327 -8.64608   1.81506 -1.46193 8.70592   2.43388 -9.8106 -2.03421   -9.04824 -6.41563 9.28497    1.85626 65.0077 49.6215   -1.48761 65.0942 52.7678
-8.51885 9.87548 -0.225338   -8.70825 1.90969 -9.4929   -4.12018 -6.09327 3.13799   6.97824 -5.11861 -9.01054    -8.20931 -4.09137 3.4796   11.9724 0.646935 -14.4627
-0.997668 -5.2355 9.31765   -5.87906 -6.22497 4.63877   4.92149 6.81797 -1.97436   0.574108 9.78269 -5.51673    -69.4147 -123.316 101.53   -74.8073 -127.593 108.472
7.75929 6.5541 -3.86195   -9.05868 -1.47154 -6.38228   -8.27897 3.5531 0.0141311   -6.14533 0.392793 -5.05139    -16.3306 -3.88074 -5.95939   4.55488 10.4993 2.97667
-9.02937 -8.11855 -2.82105   0.577842 6.93284 -7.51527   -7.60641 3.46539 7.66598   -6.016 1.28968 -5.24308    23.3288 3.56704 -85.9471   30.3428 -9.61813 -75.4842
-7.3967 4.85604 6.39576   1.31362 0.0991204 0.31425   6.31983 4.34453 -1.00276   -9.35632 -7.28911 1.45526    -80.3621 -54.4341 12.4136   62.9356 43.7659 -8.07377
-3.34588 1.1252 1.50406   -6.05677 9.66994 1.89775   -3.22143 3.21931 4.32182   -7.70812 -4.02603 -1.15444    17.0899 -34.883 53.6869   26.4414 -33.8334 54.1044
-1.11242 7.65857 -3.66231   5.66827 -6.66326 1.4547   3.48258 -0.0144476 8.45317   8.47583 -2.78779 -7.61552    25.4523 -61.449 12.5435   32.8169 -57.8802 19.1603
0.260473 2.68688 -5.94425   -6.95173 0.302401 8.10193   6.21582 0.521224 -2.99585   -4.22087 -7.94634 -3.99451    13.0293 26.7496 -33.5734   -5.24609 -5.25042 5.36217
8.10692 -7.18632 5.61974   6.05326 6.80819 -0.036948   -3.85267 7.45682 5.43156   -2.25455 -7.95131 -9.42999    -0.121037 -5.4084 -3.69122   -4.86581 -9.17559 -14.3643
6.33335 -7.22633 5.99356   4.28466 -7.79634 4.75223   -4.64777 0.521239 1.16946   -7.24252 4.50708 0.923436    -2.68879 -6.97267 0.39649   8.51097 -4.89587 8.17405
7.63222 4.388 -6.77734   -6.87487 -6.53544 1.60523   1.14963 -7.1984 2.67468   -6.77013 -4.8131 -5.95347    -5.55028 -8.31035 -0.806776   5.93917 4.63225 -8.29777
-1.52077 9.91473 9.75094   -6.70767 5.86821 -3.6611   1.33602 -9.95774 -8.04963   9.5043 -0.0713963 5.74054    -19.8906 13.7493 -5.96806   13.7449 3.59446 17.3312
1.34605 2.29718 -3.47084   1.30379 0.346812 3.39837   4.69085 3.39743 4.88779   5.00054 -5.27021 -6.95875    43.5495 30.0768 33.0004   32.8432 38.2661 38.0182
4.65637 -6.61782 -5.69933   -8.74106 -1.50561 5.16728   3.84164 1.23882 -9.57812   -0.352994 7.10838 -0.858952    -113.965 3.76125 108.249   -117.653 3.55191 115.949
5.68044 1.38847 2.11701   8.57206 -7.75258 5.05941   -5.55551 -8.41439 7.91655   0.0678713 -5.78387 6.6419    26.2161 17.0724 -9.88353   -43.3403 -42.2944 33.3293
5.60814 -3.80037 -7.32977   1.39201 -0.442269 -9.35992   -4.78074 0.269817 1.52096   -4.95895 -5.73812 0.907114    -24.0072 14.9851 -28.672   -18.3857 24.2077 -19.7088
1.16574 7.04783 2.56382   -9.10408 -4.47313 3.76799   -7.36 3.05662 1.43509   -0.382377 -1.33772 8.35434    -36.1031 -43.7841 12.4025   -31.9039 -48.7787 11.0031
8.82599 -1.6243 7.28884   -4.23063 6.94061 -3.54081   4.47676 -8.81405 -2.98198   5.30116 -5.99664 -0.175725    11.9722 -72.9417 -31.8671   12.3483 -70.3787 -39.9443
-8.11845 7.70948 3.20605   7.87819 -2.1148 -7.97893   -3.38707 3.66906 7.03573   8.01791 0.844931 -8.39189    -3.55949 1.62437 7.4251   15.0882 -1.73391 -17.894
9.51868 0.00130012 8.14568   -1.32625 -1.60681 -1.91728   5.11386 -1.59564 -2.42068   5.6119 7.95082 5.06758    -20.1796 1.55351 -31.2886   -37.2433 -14.7465 -33.0084
1.57651 0.087985 3.99568   -6.82785 -7.49134 -4.38814   4.69662 3.75533 -4.39625   -6.49008 0.771358 -7.46375    26.4222 2.79157 23.6074   -29.398 -0.640332 -29.072
7.05244 3.51501 -4.04303   -3.71891 0.97876 -2.82545   4.95884 -2.45246 2.91386   -5.98306 0.324058 -3.8984    5.20937 1.41222 -1.67075   1.06016 3.8091 -5.94828
-9.27022 8.8663 4.28182   3.18223 -4.04756 -3.63999   -8.20173 2.55726 -1.56051   -1.44001 -2.16417 8.91216    -7.67134 2.15973 -8.94311   19.9077 -14.0043 76.4397
-4.04089 7.97764 -5.88023   8.12328 9.06548 -9.28465   9.39698 1.72982 -2.60109   4.66636 -2.43369 6.59114    48.2097 45.3969 -49.569   46.3056 40.8955 -47.309
-3.88881 -4.31292 7.02408   8.54488 -0.904063 -8.52352   -1.69699 6.29964 -1.60996   -9.55454 -0.442757 9.44388    71.9278 -83.6528 -29.57   71.2583 -77.795 -26.3458
7.43702 -8.87078 -8.50989   -8.86262 2.73917 8.155   4.07841 -4.9211 3.68619   -8.69873 0.600869 5.16982    -0.430594 -2.72177 4.8963   -9.24197 0.338677 3.18674
7.18657 -3.76795 -5.47372   -3.4143 1.06223 -0.357851   4.86326 0.764094 4.89464   -1.3354 -8.14848 2.73566    -4.82888 1.58292 -1.35371   57.032 -20.7086 41.8501
-1.40573 -6.72686 -6.65791   7.83018 -1.62151 -8.43518   6.70696 -0.643535 8.48036   8.75653 9.59504 -4.52538    -43.237 -33.4622 -87.8872   -40.2024 -40.9194 -91.7063
4.65136 5.43446 -5.9538   -4.70511 6.9541 -2.08766   -2.34169 6.00478 0.642217   -4.26845 5.91075 2.90769    2.98535 6.26692 -2.75592   -5.38353 5.86015 2.59727
3.73976 4.98914 -4.37198   7.73498 -5.65308 7.88795   -8.09318 -5.97866 -4.06587   -2.44224 0.891278 6.37993    -38.4705 -29.135 -7.64182   -39.0915 -29.5058 -7.00755
5.25937 -6.6078 -8.26657   1.23803 7.45807 5.8354   -7.05186 -9.39148 8.96412   -4.57796 -9.88179 3.21051    9.62374 77.4285 40.0626   -6.88357 -34.4177 -8.78879
-0.3434 8.86917 -9.03308   -0.951923 9.90505 8.92786   3.38354 6.57442 -7.32726   -0.807291 5.59229 2.32325    -13.2498 20.1575 14.7679   14.7454 -5.69244 -19.9001
-2.0802 6.09249 7.96943   1.34538 3.41975 2.48272   -1.94272 -5.51324 -8.01485   0.397207 3.28876 5.83451    -22.8203 -78.0085 -99.8927   -23.1042 -82.6086 -101.749
-4.78163 7.97234 -3.11689   1.92961 -7.86217 6.25803   -7.71891 -8.43731 -0.974841   4.366 2.22559 9.25035    15.4794 158.089 -25.6071   25.1054 148.186 -22.0923
5.51282 1.15238 3.81834   -6.71276 1.90203 1.53202   4.97672 -7.69172 -1.88512   -2.36689 -8.2374 -5.39722    49.8812 -52.4427 -21.1951   -57.8574 51.7594 22.5606
-8.24436 -2.77763 9.66078   9.99303 -7.38041 -9.55659   7.14319 -9.401 -2.3866   -0.416603 -4.06339 7.31853    -75.7513 25.5204 53.8869   33.5741 -19.8765 -19.8323
-2.35087 -0.6542 4.54524   -2.94987 -8.2676 7.35955   -2.70413 -1.12806 -8.92933   -6.26856 9.33737 8.14619    1.01528 -32.4145 6.44505   -6.26073 -27.2457 4.03592
5.19377 -7.03846 0.168684   -3.67817 -8.10913 -6.94964   8.76495 4.06241 -6.9795   -4.36578 6.33302 -2.91559    -15.2479 45.4351 -73.3661   -16.3525 49.3802 -68.033
-9.78766 0.258124 -0.88598   -3.85007 -2.76237 -4.31368   2.27367 -5.29905 5.89526   9.38141 -4.02723 -0.519005    -16.6475 3.55715 -1.45461   -1.75765 -3.75317 -3.7722
8.68624 3.36351 1.43279   3.9853 7.46825 -4.17655   -7.4945 -1.97387 5.02878   -9.02722 -0.777877 -0.440082    -2.23285 4.31722 -4.54344   -7.38598 -2.05541 5.40743
8.47789 3.90079 -4.17049   0.451766 8.87201 -5.56826   9.89019 9.037 -4.0045   9.4973 -4.47619 -0.54986    -13.5919 7.12578 -6.01579   29.8242 2.99535 -0.62108
3.07574 -3.80078 -9.31025   -2.44807 6.74908 8.53498   -0.0929083 -2.48872 -3.36166   -8.62373 -5.57659 -8.02067    -65.9729 -16.9065 -5.67251   15.3921 1.76347 -5.07565
-7.22921 -4.62883 -9.59305   8.34737 -6.60816 -8.12482   7.63042 -9.90124 6.70691   -1.65374 0.790972 -0.993102    -1.1075 -14.9376 -21.5736   -6.1463 15.4682 17.1694
5.29848 1.03443 -9.69898   -5.49249 -7.97247 5.41548   -7.94846 1.49852 -5.56927   -4.57492 1.42129 2.31799    9.97753 44.9277 -49.421   -10.2359 -25.6047 23.3087
-0.630232 5.05723 7.93943   7.94848 -7.26076 -5.29094   6.16976 1.80669 -2.60415   -3.28575 -6.503 7.67792    11.4721 13.3266 -6.30846   -14.8233 -44.463 15.024
3.11827 -7.84966 -6.43141   -8.68841 4.75449 9.40835   -8.32841 -6.14827 -4.77797   1.28812 0.129422 -9.38073    106.697 41.0588 77.6042   97.7565 55.9956 68.8816
-2.14069 -3.5971 1.46521   -5.99242 -8.81913 7.53496   -1.19687 1.25731 4.63914   3.8997 -4.15874 3.77085    -34.5647 -66.1568 39.0094   -39.8716 -62.7423 34.5664
-2.42283 4.36199 -0.763676   -8.26409 -9.40886 4.82458   4.72183 -0.262535 8.85478   9.25916 6.19006 5.47006    9.7116 7.72779 4.23167   -7.08231 -10.6663 11.193
9.60753 -9.84568 -0.568428   -0.129938 -8.70046 4.53801   3.44043 1.13811 -6.19395   9.87095 5.56303 -8.20522    5.89258 -4.33929 -2.99846   -19.7952 -27.2414 32.8608
5.42734 4.51326 7.99374   -5.71077 0.707208 1.57548   9.75184 -7.17869 2.72564   -3.71207 4.76047 1.56012    -24.1387 72.1265 33.9836   -38.332 75.8095 35.3444
-8.97585 -4.28231 -6.28026   8.20285 2.99205 2.96902   -1.93139 -5.56898 -9.2173   8.51757 -2.15642 6.58029    7.98306 8.88867 12.2917   -0.59101 -3.28905 -5.79661
2.86783 1.54418 -4.7994   -1.5632 0.761482 2.75637   -1.84082 -0.413691 -9.53354   7.31313 8.2812 -0.523909    -13.2429 -17.8136 -125.805   -13.2608 -11.4052 -141.217
0.680504 -8.43083 4.29532   2.39931 2.09308 3.29023   -4.44773 8.04433 -3.2016   6.69898 -1.71519 1.01378    -111.934 197.183 -126.098   -112.165 197.315 -125.48
-5.11151 -3.94798 4.9083   6.60368 5.03824 5.48714   0.696951 3.26183 -8.92773   1.79044 -4.95139 -8.21632    -57.172 -34.7597 -67.5865   -57.9695 -25.6731 -74.564
-3.32286 -8.91125 4.10695   3.41532 -9.98352 1.53447   8.6307 2.04442 -9.76064   3.42271 1.81205 -9.49382    29.9689 15.7476 -26.7722   -41.1724 -34.1417 33.3415
-5.71254 1.83293 2.64031   2.24304 1.59357 6.04524   1.80707 -7.96529 -8.98067   -4.33358 -5.12485 8.08651    -13.9417 72.6406 110.471   -6.14724 78.5193 104.582
6.57976 0.663305 6.09192   1.70461 2.57679 -6.72408   8.43674 9.37877 6.51193   -9.92283 -7.21557 -5.21382    -4.18571 -27.5958 27.1482   5.16139 5.75453 -2.98788
9.0186 9.22812 9.51615   6.23418 4.44195 -7.68859   4.38007 1.63919 0.0959174   8.25365 6.33291 -3.80458    46.64 68.4976 -13.4062   46.5534 68.8156 -10.4627
3.05536 -3.66397 7.17789   -8.58383 6.24011 5.13693   -8.95202 0.431653 -5.07111   3.32011 6.86623 -3.68558    22.3341 -11.7493 18.3262   20.6142 -14.4329 20.4326
-0.211515 -1.96853 6.07341   2.92225 -8.28296 4.43594   8.79839 3.95233 -4.9356   7.81436 1.98238 -6.53823    -41.0442 -43.6889 56.4349   16.3293 10.2534 -14.1833
8.48194 7.75495 -8.81015   -5.47039 2.69056 8.13151   0.170599 -3.35524 4.30129   5.32773 6.83314 -5.08697    -75.7493 -99.0343 118.903   -75.4417 -98.1087 121.301
-6.62121 -1.66823 9.99001   -3.45435 -6.58125 7.19373   3.17319 -8.88042 -9.48666   -8.72953 1.56108 -9.26652    75.1555 -55.3841 -144.244   75.1722 -62.1289 -152.794
0.184095 0.983455 1.35842   -0.935486 0.470117 1.14559   7.33845 9.74526 8.96422   -8.31421 -8.05734 -1.5001    -14.3268 -16.078 -10.9667   12.9464 17.4672 16.1984
-9.20958 -1.7754 -1.06675   8.84776 9.7247 -1.53581   6.89334 -0.293251 -4.24992   6.12876 -5.78159 5.72652    30.0454 -91.4581 -43.1808   34.3627 -90.8397 -38.0566
5.73591 -1.89923 -2.38911   1.51751 2.37424 4.11519   -7.38316 -9.97349 -1.04873   3.70619 4.22443 -2.79391    -11.505 15.2191 27.652   25.4657 -20.0175 -39.9841
-7.16754 4.05289 3.80191   -1.39197 -3.1532 1.81266   8.9152 -0.175198 -9.19315   -9.41921 -8.13268 -9.72883    -7.7954 -2.19367 29.8927   7.11528 -1.93197 -16.6216
2.61546 -1.14519 -8.61964   0.748146 -1.41636 -2.01161   9.49987 -0.89711 -7.17898   7.18483 -1.5301 7.37836    14.318 -0.316561 -18.1594   2.80331 -1.64973 6.37641
6.66363 1.93008 3.74302   -1.80627 4.55172 0.40903   -6.53652 2.90927 5.17581   -3.65588 -7.21567 2.31683    43.1598 -12.1503 24.3134   34.7393 -7.99912 17.385
2.40151 -1.24144 -1.14139   -0.382823 6.44173 -4.48135   4.34095 -3.04265 6.23159   2.86663 -3.919 3.79133    40.1261 -64.3173 98.6014   36.4042 -52.6272 103.75
9.48404 -5.59083 -3.15476   3.40304 0.617849 -6.35973   -3.45632 9.01427 -6.47641   -0.716818 -0.558013 -0.709891    -147.401 177.359 -37.0231   -152.663 171.444 -40.2153
7.02015 9.27053 3.03735   8.00588 5.74695 -8.75523   -0.0805423 -1.11301 -8.61772   5.57606 0.22077 6.0715    -38.5409 -40.6659 -25.0121   -39.4854 -39.8011 -24.7432
3.52814 2.55233 -7.2825   -6.69263 6.48083 1.07581   -1.71066 2.81083 -1.80731   -7.87008 8.75802 -8.2487    58.9172 -30.8515 -48.2696   53.3938 -18.9284 -40.7036
5.99833 -9.31947 -1.72969   7.24031 8.92923 -3.21885   8.19416 6.66198 -0.29883   -4.00675 -2.20224 -6.76096    18.7403 26.0517 -3.83187   4.66461 17.7678 13.6664
-7.02923 8.63102 3.5349   5.17302 5.39198 6.10229   1.77692 -9.03992 5.52508   -3.04371 -0.826908 7.94021    45.0546 93.3937 10.1562   53.9523 108.745 19.3241
1.69136 -0.00453239 -7.09756   0.731277 4.47039 -4.93988   -1.93525 2.47345 9.77013   -1.88428 3.78388 0.960962    -34.6082 -11.4136 179.698   -28.7137 -5.99723 174.536
5.5005 -9.25307 7.21668   -8.28338 -0.21403 7.97417   8.33297 4.82334 9.41219   -6.78037 7.10102 9.77944    -12.7368 18.4423 11.1412   23.1868 -12.0699 7.1437
9.08735 -8.61724 -2.17189   -8.01367 -8.39669 2.94066   -5.58654 -5.20536 6.68423   -9.62451 -6.84101 5.81978    -150.372 14.9861 71.8053   -149.908 12.3204 75.5137
-7.82355 4.66355 -0.544072   9.01747 8.84377 7.01612   -5.03934 -8.6818 -3.40217   0.53784 4.71534 4.57178    -1.77226 14.9244 2.02883   -6.12215 -8.51331 0.649078
-3.17477 0.240151 7.3695   -4.49296 -6.35768 2.92591   0.752114 -6.83572 5.31855   -0.478764 2.54499 -0.770754    13.1568 -7.94918 10.967   -25.1947 4.37245 -11.7918
-4.03505 -3.08998 9.56459   -7.19933 1.59147 -0.392576   -3.60432 -8.8846 4.06192   0.68412 5.36027 -8.96698    -33.6847 121.164 0.570809   -39.7264 110.978 -0.642492
1.43178 -2.41978 -0.856972   0.316382 3.5183 4.09513   7.20435 -1.23516 2.17021   9.0324 -8.36717 3.71078    37.414 -15.7697 -0.717219   37.0474 -12.6224 2.36893
-4.30252 -4.54493 -1.95693   6.93264 3.28486 5.65065   0.497966 -2.06011 3.49839   -8.56721 -1.89805 4.98845    34.4318 17.9158 26.84   -19.4459 -13.1259 -11.9034
-8.85006 -1.82251 6.49706   3.04798 3.18905 1.20353   7.04207 7.94272 -3.97203   5.26273 -5.83445 2.82002    146.359 99.1344 -101.188   141.149 90.5711 -92.9603
-9.39665 5.521 -2.3343   -7.33937 -0.506973 9.23686   -9.74339 4.89683 8.38825   -3.00438 0.617015 1.05794    9.51372 -6.81938 -13.0586   -28.7609 15.9226 30.0565
-8.87554 8.81767 3.4627   0.50745 -2.24026 -4.36706   -4.86215 -7.60072 -6.74175   -2.18868 3.97146 4.16842    -1.86735 -70.9809 -44.3436   -6.02533 8.0869 2.62577
8.93396 5.97367 2.84118   -5.0375 -8.19476 -3.29425   -0.623657 -1.18374 -6.0211   -1.07911 -1.21324 -1.2522    8.14452 4.76328 2.76209   -25.8425 -23.8304 -19.6
4.4841 -3.14474 9.9932   -4.33216 -7.12365 8.95788   -8.44064 9.5008 3.44356   -4.88343 8.78587 7.42227    1.17609 -39.8697 14.7604   -6.7761 14.2248 5.34806
-7.74005 5.31291 -9.47626   -6.52592 7.89064 2.6131   -4.85347 -8.40716 -6.47987   -9.71832 5.80249 -7.81311    -9.18982 -21.0774 -40.5709   -5.26206 23.3343 28.3805
-9.64329 -9.19263 6.74835   -5.44578 8.62047 5.69858   -2.90458 7.0771 -2.64838   -0.59577 5.36754 0.622475    56.3301 85.6948 -124.028   52.4833 94.3978 -117.89
6.40856 0.523459 -4.19917   9.33146 -6.82816 4.30846   -6.09044 -6.89535 -2.0894   1.62391 0.304325 -0.328646    -88.359 -72.5897 25.7612   -91.1286 -72.2405 31.7882
3.04101 -3.6393 -5.84575   -0.0636401 8.4501 -0.998851   5.53143 0.62289 -2.78859   2.47202 2.79945 -0.839042    -3.54204 13.2793 -0.0332459   17.5076 -16.2955 -6.0663
9.24683 -4.59583 -1.19566   -1.37606 8.19276 7.60041   5.03108 1.33807 -2.79616   8.18657 -0.962413 5.42774    -48.4263 70.5058 31.0877   -47.9057 63.758 38.2279
-0.0810142 -3.31168 9.37099   4.49124 -0.352318 -6.77035   5.47206 -6.8695 2.88914   5.78434 9.78517 6.85708    18.8495 -46.9534 41.0755   21.3506 -41.7079 46.2366
-2.8235 -0.804496 1.4153   0.31942 -8.52502 -5.32886   9.82304 7.9087 -2.13665   -2.22325 -6.65643 -6.47242    47.7219 87.5974 14.6833   37.3415 72.8148 21.3886
-9.76424 -6.02225 -1.2391   6.70818 5.44783 0.821492   -8.01505 5.54186 1.07485   -5.13788 0.666969 -7.33372    12.9567 -19.6308 -4.24492   14.3985 -18.8098 -4.23807
5.10066 -8.94147 3.69564   2.43439 -3.88461 -0.283009   -0.860901 -4.3365 5.38602   -0.92654 -9.31634 -5.81444    -49.5372 20.2667 35.7397   -46.2971 19.2969 40.3262
-0.0955236 -5.44096 9.3637   -4.28108 -7.33791 -2.12445   2.94866 1.08455 7.86237   -5.15045 9.33005 -4.2421    4.93781 38.3902 -41.604   10.7915 29.9402 -46.618
9.23708 1.32482 -1.67749   3.47918 -3.28897 2.97021   0.306655 2.88477 -1.29687   6.48217 8.80543 3.06574    3.60483 -30.7567 17.8173   -4.79766 -32.2231 32.4269
3.74755 7.56834 -8.07685   -4.95559 -7.63765 0.0969064   -5.25357 -4.04175 -5.6613   0.0369243 9.59075 -5.61394    27.7651 64.9713 -33.066   46.115 54.3876 -26.2888
-6.51341 1.78854 5.89489   9.14789 6.94659 4.49569   7.07343 1.6492 -1.89399   4.17289 -2.17644 5.75857    124.867 37.908 -16.6648   135.949 33.1412 -28.5621
-9.93336 1.44309 -1.36165   1.96063 3.60674 -1.68603   -4.63615 -8.62542 9.8927   2.17714 -0.750426 4.70062    36.7867 -119.1 137.788   37.056 -125.233 136.203
1.05878 1.5694 3.31907   1.16608 9.9531 -0.487171   -4.67612 6.84624 -3.7842   3.19653 3.38121 -1.93106    62.2479 3.72824 53.1571   62.965 3.57162 52.0908
3.4996 -7.96375 6.16808   -2.7162 -9.80104 1.11038   6.96289 7.50956 -7.00073   -8.86233 -1.00696 -7.28827    21.3369 13.0116 13.7423   22.7088 1.03074 9.16925
-4.67398 -4.96732 -9.41274   -7.38571 -6.03834 -6.9627   -7.21849 7.91802 -5.59957   -1.45909 4.85127 9.09408    -13.6429 71.1382 3.07074   -2.73144 63.1974 -0.294583
-9.03303 -1.03542 -8.63779   6.56654 7.24185 5.01359   -6.08337 -0.674934 5.60375   -4.51483 6.6852 -1.38194    -10.7109 10.7292 -127.985   -12.3701 8.39412 -126.992
1.59202 -7.15353 -2.35542   5.98827 2.42944 -9.64424   6.5526 -0.7038 3.2659   -1.77268 -6.87415 -6.3144    -28.5719 -56.8215 4.21261   -23.892 -54.8072 7.487
6.62678 4.79567 -1.90922   2.94118 1.89437 -0.00238771   -0.218225 9.86127 6.58588   -0.157173 1.60737 5.86611    -14.0212 55.9043 45.5648   -13.7402 66.7351 34.834
