true   1 2   -5.6317 7.81888 5.76347   -0.161982 2.17084 1.73115   0.953121 0.0427068   0.662383 0.229785   0.54828 0.615159
true   2 1   5.66806 -2.48889 -3.71311   2.26327 -3.33262 0.093447   0.637552 0.190028   0.493582 0.492631   0.448103 0.51144
true   0 2   -2.31585 4.81648 1.27072   -8.47806 7.63787 6.36765   0.89038 0.0381481   0.0641827 0.0187303   0.768765 0.910553
true   1 3   7.04213 8.70151 -4.56819   -1.2329 -0.868867 3.62815   0.930701 0.0499201   0.284261 0.528585   0.442266 0.565091
true   2 3   0.0314158 0.888777 3.35568   -2.65805 7.37901 1.98199   0.43956 0.517829   0.398436 0.490134   0.238011 0.313383
true   1 0   5.30859 -3.92838 3.89439   7.01431 -5.64452 5.1069   0.187632 0.224223   0.55659 0.184561   0.452069 0.506451
true   2 0   0.261635 -5.79871 -4.48798   4.54148 -1.75548 1.77982   0.152385 0.620574   0.125471 0.693903   0.497272 0.55676
true   1 2   -7.56322 3.28524 -5.20614   -3.41545 -4.09354 1.6141   0.369329 6.78949e-05   5.08732e-05 0.785931   0.352522 0.448554
true   0 3   -6.56105 5.81559 -0.83587   -5.66764 4.22626 -2.78741   0.593893 0.0732504   0.163131 0.327794   0.0863969 0.185734
true   0 1   0.193582 2.08813 -1.94747   6.81422 1.47882 8.27751   3.30637e-06 0.253509   0.123752 0.876245   0.11561 0.219443
