10
2.57742 -0.452059 1.0794   -4.44451 5.36459 -3.29554   5.66198 -2.11234 6.80375   -6.04897 8.23295 5.9688    -50.4732 54.1222 38.821   31.3125 -30.3297 -21.4721
6.78224 0.258648 -5.63486   9.97849 -7.82382 -7.40419   -7.25537 -5.14226 -9.67399   -1.98111 -6.86642 6.08354    29.7565 3.48038 -30.644   -24 -9.84083 29.4558
-8.27888 0.519907 8.98654   -8.60489 8.38053 6.15449   -1.99543 5.39828 0.5349   -2.95083 -4.33371 7.83059    31.0952 -10.4809 -26.3645   -12.3655 9.41775 9.58306
-9.21439 0.632129 3.35448   0.250707 5.20497 -2.49586   0.795207 -4.66669 7.0184   8.04416 9.41268 -5.2344    36.8387 43.1623 -34.0814   -30.5338 -34.7564 32.6504
1.7728 9.12937 3.7334   -2.9928 7.86745 -5.42064   -3.39326 6.58402 7.6015   -1.19791 -6.68052 3.75723    8.52424 -19.6062 7.69356   -27.1583 66.5033 -10.532
-3.85084 5.72004 -4.37881   2.39193 -1.36093 2.82161   7.62124 -7.0468 8.40257   9.00505 -5.6835 -0.350187    -8.87095 10.3377 -6.18506   22.4949 -21.2196 16.1112
-5.35477 -4.11679 -2.62673   4.99542 -2.33623 3.6889   8.70008 9.69503 5.2095   -0.0911187 -7.47849 -7.93658    -35.5147 -39.5971 -56.8821   36.4305 28.3705 48.481
5.1947 2.78917 9.3481   3.13127 4.65309 5.95596   -8.94941 9.00208 -8.5094   -5.19875 -6.47579 0.431268    -22.7893 30.372 -30.2426   20.4025 -46.465 40.7783
-8.55342 7.4108 -8.91885   9.95598 -7.49063 7.79911   -8.96122 5.11162 1.46637   -5.91343 9.99987 -6.84386    -7.33808 7.19788 0.861454   1.65565 -8.80146 -18.7842
7.55228 1.53942 9.84457   -3.9141 5.14588 0.61616   -8.0072 3.74775 -0.948483   1.5886 1.0497 -2.81809    -7.17805 2.76655 -13.3323   56.5847 -3.10162 85.1436
